1.090686 
0.027200 
0.258625 
0.276564 
-0.079920 
0.401065 
0.044592 
-0.166410 
0.551438 
-0.576653 
-0.680233 
0.194062 
0.495250 
0.166999 
0.064412 
-0.091301 
0.138984 
-0.176705 
1.257626 
-0.522194 
-0.228101 
0.344494 
0.317058 
-0.347680 
-0.087815 
-0.537678 
0.456175 
0.405928 
0.474893 
1.892502 
0.245199 
-0.183224 
-0.072645 
-0.597540 
-0.032681 
0.358910 
-0.226590 
-0.832504 
0.278872 
0.892598 
0.398058 
-0.681383 
-0.758999 
-0.217557 
-0.136495 
0.452980 
-0.513564 
0.887373 
0.869474 
0.385442 
0.293717 
0.244931 
-0.365849 
-0.651211 
0.326795 
0.226518 
1.216790 
1.106351 
0.283989 
-0.152732 
-0.853902 
-0.013226 
0.559932 
-0.315432 
-0.351110 
-0.637631 
0.493701 
0.539409 
1.039382 
1.135899 
0.707089 
-0.699570 
0.991432 
0.596178 
0.983345 
0.592493 
0.426083 
-0.249858 
0.548168 
0.233494 
0.116663 
0.289806 
0.408813 
0.117478 
0.572683 
0.615149 
1.464486 
0.858003 
0.675290 
1.082623 
-0.173544 
0.065929 
-0.508900 
-0.443086 
0.260511 
-0.399844 
0.891409 
1.049718 
-0.625105 
0.372728 
0.314200 
-0.289699 
0.338911 
0.147387 
0.412317 
-0.184033 
0.467816 
0.592800 
0.571467 
0.353341 
0.350532 
-0.103228 
0.405369 
0.244933 
0.133638 
-0.642329 
-0.610109 
0.226687 
0.508785 
0.684416 
0.994648 
-0.304684 
0.204726 
0.202271 
-0.562291 
-0.216529 
0.780670 
0.322274 
-0.171943 
-0.217996 
-0.236606 
0.933761 
-0.198766 
-0.319938 
0.360871 
0.337174 
0.032091 
-0.346460 
0.585410 
0.332952 
0.624853 
0.461504 
0.174807 
0.022616 
0.549527 
0.306224 
0.540330 
0.402224 
0.915919 
0.097489 
-0.510677 
-0.466735 
0.499977 
-0.337550 
0.329085 
-0.444716 
-0.010046 
-0.457262 
-0.063893 
-0.211562 
-0.180243 
-0.366236 
0.662896 
0.077226 
-0.314721 
0.124434 
0.964733 
0.605339 
0.764615 
0.244249 
0.813879 
0.300883 
-0.202469 
-0.317139 
-0.308173 
0.564721 
0.075603 
-0.573292 
-0.308518 
-0.130059 
-0.204101 
0.699251 
-0.031015 
0.329246 
-0.489897 
-0.813630 
0.019446 
-0.018778 
-0.586080 
0.238110 
-0.581840 
-1.068428 
0.620107 
0.675323 
-0.115275 
-1.142092 
-0.314323 
-0.110539 
0.027738 
0.319983 
-0.107026 
-0.254818 
0.903883 
-0.578560 
-0.679835 
-0.410760 
-0.595912 
0.108345 
-0.234952 
-1.153400 
-0.135807 
0.980758 
0.496298 
-1.345672 
-0.712869 
0.083711 
0.087095 
-0.128930 
-0.164508 
0.206571 
0.009913 
-0.031263 
-0.646242 
-0.537560 
0.471235 
0.451275 
0.321456 
-1.207193 
-0.719693 
0.405914 
0.780582 
2.021032 
1.042079 
-0.012021 
0.663097 
0.574085 
0.228531 
0.115263 
-0.218526 
-0.843882 
-0.627568 
-0.155872 
0.726374 
0.167886 
0.064978 
-0.718823 
0.547662 
0.466439 
0.296876 
0.023737 
0.463119 
0.097755 
0.498595 
0.299134 
-1.048849 
-0.525571 
0.351920 
1.180468 
2.167745 
0.611268 
-0.520543 
-0.547872 
0.178721 
0.935978 
0.751376 
0.513105 
0.828523 
1.070042 
0.130054 
-0.868361 
-0.360113 
-0.171241 
-0.783435 
0.609303 
-0.118335 
0.220114 
0.212523 
-0.538998 
-0.798456 
-0.235400 
-0.068221 
0.180416 
0.706558 
-0.118631 
1.002626 
1.622127 
0.273958 
-0.447298 
0.239197 
1.243113 
1.237717 
0.181219 
0.068795 
-0.466023 
0.210538 
-0.043492 
-0.459939 
0.759610 
1.036981 
0.466611 
0.208455 
0.389445 
0.740923 
-0.040229 
0.553207 
0.887556 
-0.001521 
0.588934 
0.620825 
0.572659 
-0.203037 
0.731592 
0.989886 
0.592898 
0.086169 
0.248804 
0.488963 
0.680313 
0.995417 
0.276395 
0.356262 
-0.815901 
0.278673 
0.568787 
-10.615423