0: (44,11) 
1: (56,9) (57,126) (123,106) 
2: (18,44) 
3: (24,3) (30,117) 
4: (39,0) (41,107) (85,-13) 
5: (27,25) 
6: (52,-27) (56,86) 
7: (53,-7) (55,119) 
8: (35,-33) (45,53) 
9: (19,-12) 
10: (38,-14) (38,88) 
11: (0,84) (36,-15) (36,88) (-15,49) 
12: (16,-36) (31,13) 
13: (18,131) (55,28) (101,-3) 
14: (50,72) 
15: (54,1) (52,99) (53,189) (131,-47) (98,138) 
16: (-34,17) (42,56) (82,51) 
17: (68,97) 
18: (99,15) (106,252) 
19: (76,2) (79,227) (80,107) 
20: (17,-29) (29,21) 
21: (45,55) 
22: (56,81) 
23: (35,-21) (93,43) 
24: (49,92) 
25: (30,-16) 
26: (56,8) (63,177) 
27: (39,22) 
28: (5,43) (32,84) 
29: (44,49) 
30: (29,19) 
31: (-27,-14) (40,21) (36,-32) 
32: (52,-3) (45,74) (116,77) 
33: (26,43) 
34: (46,27) 
35: (61,96) (62,11) 
36: (41,-7) (106,-20) (116,101) 
37: (66,100) (132,92) 
38: (50,34) (-29,35) 
39: (17,29) 
40: (91,76) (94,176) (138,14) (80,209) 
41: (26,15) 
42: (23,-14) 
43: (-25,-20) (20,12) (63,19) 
44: (46,1) 
45: (50,30) 
46: (69,26) (73,122) 
47: (-28,32) (27,-4) 
48: (33,-4) (15,29) 
49: (24,9) 
50: (-35,71) (32,12) (89,78) 
51: (30,13) (90,78) (79,-14) 
52: (15,40) 
53: (30,-23) (28,28) 
54: (-8,5) (28,28) (21,-18) (-44,3) 
55: (22,27) 
56: (23,6) 
57: (54,35) (107,34) 
58: (-26,-10) (30,9) 
59: (-6,3) (60,191) (0,51) 
60: (41,29) 
61: (56,21) 
62: (24,19) 
63: (31,26) (23,-33) 
64: (50,89) (-36,-37) 
65: (39,34) 
66: (12,61) (57,16) (62,126) (103,27) 
67: (21,-1) (18,59) (68,83) (-25,2) 
68: (52,-3) (57,116) 
69: (34,19) (38,-30) 
70: (35,-7) 
71: (32,43) 
72: (35,0) (41,66) (-45,39) 
73: (0,8) (37,-34) (48,2) (94,2) 
74: (58,77) (126,119) (85,90) (40,-31) (45,32) 
75: (52,41) 
76: (42,60) 
77: (15,22) (51,-21) 
78: (30,16) 
79: (39,30) 
80: (38,106) (55,42) 
81: (54,109) (67,-1) 
82: (61,95) (42,4) 
83: (33,26) 
84: (34,61) 
85: (48,10) 
86: (66,36) (65,90) (66,149) (130,14) 
87: (52,-2) 
88: (64,71) (144,2) 
89: (46,13) 
90: (54,63) 
91: (-28,78) (40,65) 
92: (53,-11) 
93: (50,65) (93,9) (-58,-20) 
94: (41,18) (105,0) 
95: (49,68) (81,2) 
96: (46,12) (37,47) 
97: (67,84) 
98: (48,-3) (47,112) (119,-10) 
99: (18,-21) 
100: (25,-4) (66,-15) 
101: (14,10) 
102: (25,-6) 
103: (70,66) 
104: (49,114) (120,94) 
105: (13,71) (58,31) (57,119) (46,-33) 
106: (46,62) 
107: (-1,34) (37,11) (34,70) 
108: (74,18) (71,106) 
109: (43,9) (-39,68) 
110: (49,71) 
111: (19,-13) 
112: (25,15) 
113: (42,-19) (45,80) 
114: (28,12) 
115: (64,54) (102,0) (50,-5) 
116: (45,29) (98,26) 
117: (-30,-4) (71,-10) (75,112) (29,142) 
118: (29,31) 
119: (14,1) 
120: (9,9) 
121: (41,21) (90,5) (99,19) 
122: (18,113) (47,-15) (51,94) (99,14) (115,58) 
123: (19,7) 
124: (17,21) (63,-2) (0,78) 
125: (33,15) (97,33) 
126: (23,8) (50,18) 
127: (9,29) (38,33) (51,-42) 
128: (1,80) (29,27) 
129: (67,102) (121,103) (122,-17) (144,159) 
130: (38,26) (117,154) 
131: (52,38) 
132: (71,2) (79,125) (159,-14) (168,106) (166,155) (184,-22) (55,95) 
133: (31,43) (82,-46) 
134: (12,29) 
135: (-39,6) (39,22) (89,46) 
136: (22,4) 
137: (37,25) (89,40) 
138: (37,39) 
139: (36,-5) 
140: (57,-4) (-19,80) 
141: (25,16) 
142: (37,7) 
143: (43,6) (39,107) 
144: (27,-8) 
145: (32,12) 
146: (35,-5) (40,64) 
147: (39,-2) 
148: (-41,56) (-9,56) (32,26) 
149: (39,18) 
150: (3,42) (46,16) (63,58) 
151: (38,9) (51,-23) 
152: (33,36) 
153: (32,22) (74,90) 
154: (42,16) (95,22) 
155: (46,43) 
156: (32,16) 
157: (37,9) (65,18) 
158: (29,3) 
159: (9,-24) (69,4) (73,81) 
160: (29,57) 
161: (32,20) (78,31) (103,-22) (23,66) 
162: (16,-22) (19,41) 
163: (35,24) 
164: (41,42) 
165: (-3,-23) (53,2) (55,126) (-9,127) 
166: (39,16) 
167: (29,13) 
168: (-9,91) (40,-39) (44,46) (-44,11) 
169: (41,26) (8,81) 
